97
1795
1764
420
1526
1562
1010
1576
675
1245
1633
1126
1117
1621
247
4
1000
1943
802
1341
660
1691
697
419
1356
303
1510
1385
1099
423
1027
1456
1257
64
1529
523
721
1330
635
1395
1778
1360
1254
320
652
819
302
1977
629
332
1496
1430
387
1957
1785
879
752
1881
573
899
436
286
1568
1631
186
1663
418
1340
633
248
707
391
337
1973
1982
1185
1165
1740
1937
908
144
1328
5
81
169
1666
1656
463
55
1291
1396
89
1549
1809
1671
459
1905
1946
1828
93
298
1403
494
1101
1086
381
1535
1398
704
384
1624
1332
1167
1203
593
25
1500
1302
952
1228
559
686
1096
323
1999
1214
1226
612
502
661
1961
987
1891
367
1987
106
2000
1355
1194
1940
911
1909
884
1093
1113
872
569
47
743
1475
1452
339
1474
1867
1897
641
499
130
1450
1958
1692
1102
1969
1879
474
1212
1667
1386
1794
1859
373
1478
446
187
1670
168
1232
1618
643
264
1835
903
1160
544
739
779
1469
862
1815
1540
888
492
1846
611
26
6
768
1303
780
13
788
816
161
531
1608
1614
627
1187
456
1511
1399
1351
87
507
864
1707
85
9
1675
516
1153
1515
865
1176
1625
745
844
1163
681
11
767
712
1137
49
1577
1147
1832
912
10
113
1852
308
993
1382
213
66
239
1020
1838
1779
1040
415
1367
1868
1853
405
1028
1933
801
1512
1039
215
1449
666
691
1037
1045
1128
1188
1816
1504
1548
1575
92
1645
201
255
357
718
1803
172
289
782
1903
1818
311
1711
1
1408
720
73
1439
222
705
1287
151
1285
711
1724
969
1376
1636
530
1288
830
1733
20
829
828
907
1258
1263
1271
1966
669
94
1292
226
855
1275
553
1129
1538
1689
506
1532
689
160
57
900
1213
254
1342
760
263
1186
1297
133
1845
1121
1783
1050
188
1071
556
262
965
841
1974
224
1569
1968
1875
1346
1980
386
1514
1788
260
927
1140
469
586
1684
36
228
687
449
1697
1938
1639
31
1100
876
1311
540
894
1118
493
749
481
340
1197
871
1023
1791
267
621
1066
1445
422
1158
857
1584
1313
1539
1384
783
1052
1892
316
62
1482
773
203
1985
1122
1789
153
290
1105
1528
1253
738
1735
282
1784
115
287
959
662
470
589
1887
1810
928
1145
121
275
1703
1884
1198
988
1074
671
1939
272
54
285
956
1107
708
1057
1758
1011
529
1585
1907
639
1641
1170
1433
1600
1960
378
473
214
759
1026
1110
1305
1653
1719
910
1660
1729
1272
1331
866
596
522
703
1586
1772
998
1444
535
692
1132
926
178
1878
424
1521
1329
514
1339
1424
1990
1826
734
1063
557
212
843
1695
1594
1995
1659
524
70
1078
982
1806
379
191
181
1270
1899
1706
1150
1917
1929
347
946
1655
1567
1094
1472
1687
917
1922
257
447
1290
1808
724
1413
1507
157
645
206
1148
1359
674
742
1259
722
1319
139
651
1945
892
1123
508
1699
1747
1988
615
1005
1458
1274
1470
628
877
1115
1871
176
1589
171
824
798
944
1238
319
361
220
733
315
296
241
1649
1276
960
440
1942
137
232
44
1306
1221
693
453
1864
109
351
698
1246
1463
1593
1523
1508
1320
1612
269
416
99
856
1375
1637
322
1885
407
1862
1468
839
887
874
218
519
465
790
1419
850
1455
1570
1717
1485
1722
1370
1112
1738
680
61
1098
883
842
1227
775
717
1996
699
425
1599
376
1366
1760
702
435
1910
1073
1460
455
1224
932
98
970
1177
890
700
2
146
86
1869
1683
658
1336
1505
1230
1233
136
1420
149
1530
170
392
1089
148
620
478
431
840
1622
1799
859
1111
1883
867
599
1414
1796
638
1438
490
1956
348
1234
1374
1457
32
34
741
219
528
1648
294
935
1389
1644
421
1984
861
128
509
1055
613
955
1081
809
787
1673
143
1578
147
1169
1316
125
1780
991
72
365
1787
552
1024
1941
1721
1531
860
1217
727
1104
1255
1343
1678
989
685
1120
676
1381
1357
40
468
719
925
58
853
667
1715
1844
135
1519
1268
274
1334
1713
240
534
659
572
1282
1774
96
1273
488
1075
344
211
1041
1284
820
1437
1790
640
1672
314
1249
1744
584
1829
653
1739
1223
777
231
1696
1923
1077
1543
1847
568
71
915
744
1076
1688
366
1030
1014
930
1051
1441
1876
284
577
1116
1369
1704
1447
451
1003
1429
1352
1680
145
292
1216
51
1293
1208
938
567
1563
279
878
1312
46
766
1427
221
1209
131
1072
1192
225
159
1843
1354
1674
404
922
244
784
353
961
165
1378
1488
714
1924
765
806
1006
1632
383
7
1032
495
216
715
1289
1476
162
277
1361
948
594
622
709
916
450
716
1462
957
1480
902
889
771
67
439
1857
898
1009
1064
595
1012
1911
1325
1638
1986
126
624
489
330
1038
400
105
1935
751
1547
65
937
1453
1013
1759
1858
1322
642
1300
1308
1338
1533
1823
1422
235
334
27
1388
551
983
1022
706
1963
1571
1611
448
1368
554
597
1436
1231
1527
1926
1898
1822
483
1016
1836
18
1762
1068
555
966
1151
920
1417
1127
1953
1603
1304
1801
1913
665
438
650
1819
1930
193
233
1642
1083
1650
364
1154
236
825
1609
1152
973
1605
1097
1070
1753
1792
1497
1888
1665
333
796
980
227
1902
740
854
1573
75
158
1079
1157
1623
539
253
797
1180
513
268
550
1324
607
299
1751
695
504
1401
748
39
1143
943
1248
1628
1242
217
897
1802
1139
35
1237
1363
808
616
590
1168
1061
972
1579
1379
399
563
1141
200
204
851
974
138
1295
547
1373
608
1333
636
846
763
318
997
795
1033
1031
1473
1461
1952
951
1814
343
1824
1967
140
1262
1870
1640
205
479
1572
975
1397
1766
487
764
1326
1146
747
1200
558
234
1866
281
963
360
306
1708
1662
401
592
1377
1492
1218
1983
1590
259
1904
152
1029
1954
1731
906
1754
43
1800
310
793
1269
1174
362
1392
304
1506
835
560
295
1782
995
1971
238
1193
156
815
1503
1294
1362
1195
1620
1742
270
460
271
634
1720
1164
885
1394
1344
45
1387
458
1580
1348
80
475
891
3
427
1557
1383
307
293
209
1773
1412
1092
656
1556
179
644
1349
1581
1837
390
933
954
1432
1850
1133
1426
1646
1591
1553
1981
778
1560
371
1004
1350
770
1604
583
1616
1583
1018
1561
1190
1001
1206
1544
174
1155
1501
1479
14
1908
1201
1318
196
1770
505
1119
1390
1658
394
630
668
880
83
1499
335
566
1860
291
813
265
1839
202
207
1896
654
1138
432
1084
1669
1752
78
497
154
648
1698
1965
1693
1240
1912
609
1767
1135
1920
90
194
1537
1661
1451
1842
1654
1220
108
403
1416
1236
682
1916
245
1266
112
1418
737
1682
1732
1601
1597
919
548
313
602
1522
1059
1036
931
428
210
731
617
1873
1483
750
132
1652
817
195
471
581
182
184
532
992
545
342
406
869
1327
1345
541
1834
91
1067
1516
103
1700
923
122
1992
571
496
1219
1749
410
520
1265
1559
1709
223
445
309
1181
33
515
1545
1994
1161
1241
769
1915
1602
1927
1509
805
1222
1493
1998
114
183
1323
1178
1095
1552
1364
895
512
1173
1435
15
246
107
385
426
327
1726
1489
848
1627
53
549
326
166
949
1812
461
1746
110
52
1477
1805
1481
1718
482
1021
936
710
1159
198
1949
68
1281
1978
631
1546
579
1184
324
1925
1409
352
100
77
1454
1109
1264
1106
537
1467
41
464
123
1972
914
280
1244
812
776
1017
1714
1407
1821
408
480
1471
663
150
393
1874
1989
1261
1008
517
847
1025
601
1215
1035
1841
1817
1630
1518
434
1007
804
1134
101
117
104
827
1298
354
774
95
180
375
30
430
1664
1634
48
82
1442
1727
1955
562
811
377
283
1694
1928
799
242
276
1771
457
1229
761
533
208
1554
466
792
388
1251
525
1677
8
189
1207
396
1748
870
1643
1279
1406
585
1777
575
1448
924
1710
1149
1513
1737
940
1976
1486
1087
1607
821
831
837
1865
111
1863
120
1756
1347
273
863
229
996
1755
1019
1919
1393
564
414
1893
1202
696
1175
1404
1855
753
230
1542
939
305
1048
772
1849
252
565
1299
412
1054
858
578
266
79
197
836
1196
758
673
163
1962
12
1314
1765
1725
256
999
331
1936
1434
968
370
1741
1854
1894
1405
441
1410
1502
1235
22
670
803
582
561
358
873
297
735
576
605
433
1065
1517
23
1872
1124
1415
1144
875
472
754
485
1280
1088
807
1056
1490
1901
413
1895
1252
543
1997
588
990
1423
21
977
1114
454
1598
1702
574
882
732
832
237
1464
909
1797
947
1015
726
389
1880
823
402
1900
603
1781
678
632
626
1914
833
1091
24
76
185
849
397
1626
251
1060
1296
786
1681
1520
501
536
1380
964
16
1534
598
1278
1736
17
1082
380
1647
625
1171
1210
1162
1058
1743
976
1775
69
134
1947
1975
129
118
173
1825
368
538
1615
1606
810
1750
1183
1890
1042
1856
127
994
1191
679
1317
1763
1566
28
713
542
755
321
1807
1046
444
1371
1877
1619
1130
1465
1587
37
834
604
395
250
1685
852
1617
1950
896
350
791
1582
1831
546
477
690
167
1487
443
1335
1425
725
1565
756
1932
886
971
119
1851
199
356
941
1555
1550
1069
1309
618
1053
59
409
411
442
1494
1991
1103
1906
600
984
647
1931
942
904
1728
50
1786
978
1840
437
317
141
701