1698
719
2662
1995
3273
1083
201
435
750
1328
97
22
1761
2087
826
4769
450
2231
2725
2464
2107
3136
1790
4203
761
3747
3946
4880
912
4289
3468
1865
225
163
3576
4732
3889
714
3977
4640
1473
1730
253
4409
141
1045
2349
2189
1559
2137
2328
2869
4649
1026
1868
3625
4603
2153
3323
7
2373
3557
4304
1497
1529
1690
3693
796
2218
2643
437
1908
930
2635
647
2201
1863
1862
417
4440
3838
1631
2270
2141
2676
4162
934
1192
2593
4991
169
969
4033
4233
1204
765
4671
4501
839
637
832
2703
3828
3131
4697
4712
3629
4212
3170
4214
1423
2008
3432
1315
1932
868
340
2130
3404
4205
775
1094
3002
4544
3602
2475
1055
2001
1398
4736
4926
555
4463
2904
3052
530
3337
4742
4840
3120
2121
4489
4957
3919
2980
3168
2682
3532
4811
3303
4662
1941
1691
755
2186
2350
4618
171
594
34
2626
1890
1823
2877
3505
4026
3433
3543
2106
4628
1280
3178
2833
4137
3418
2304
1097
2812
3376
1180
1509
4802
4433
1845
4975
1514
3292
2695
2299
3436
92
3814
2485
3294
4284
4491
4428
315
3773
4131
26
1994
33
615
2898
1439
1621
4716
382
3440
3652
1562
1156
2491
4704
17
2806
4612
4352
2970
4083
3162
4017
2839
3317
3472
126
900
1336
353
2393
1237
3610
4363
1390
2167
3790
1555
3459
4303
3527
390
2642
3367
682
607
4702
1369
3638
2439
3769
1917
4091
1511
1176
3345
3239
3874
134
3881
3596
1075
3943
1066
3183
2766
2498
4441
3904
634
1635
2619
617
807
4912
100
666
1296
2596
1717
47
1091
3498
3087
4652
1426
1106
3917
2656
525
4916
3993
4809
2629
4795
2481
2617
2624
1022
2834
1424
3694
1895
1224
3627
2494
649
4845
4922
1358
1620
1395
2743
3590
366
86
4021
224
2226
3541
913
1629
2835
4691
4754
4835
3506
3611
3425
3152
3715
4120
3113
2686
4023
4074
385
212
997
1461
2345
4607
2562
3143
4424
3058
4155
756
260
2062
239
1246
748
3424
27
4533
2180
1743
498
4725
3129
198
4004
3899
4695
149
1063
3649
3667
2081
2139
4456
4240
306
184
884
1340
3062
443
3863
4643
4674
336
1229
2893
2933
3343
860
4897
893
1431
263
3736
1391
152
1964
307
2927
3488
235
1767
314
2578
886
2821
2145
2603
3572
2472
4056
4622
4790
785
1167
3123
440
701
1561
3463
30
3456
2284
2122
1421
3685
1361
2246
1056
4094
1207
1736
133
2257
1210
768
4345
2723
146
1858
2383
2704
710
4803
4504
2526
4895
2487
400
1477
2108
712
46
2580
4517
2392
3351
1016
1191
3364
3241
3034
3305
3643
3865
4086
2405
802
4119
162
3308
4614
168
3293
2779
4914
2736
863
3150
4106
4133
586
2792
1935
354
1255
1791
3929
3898
4388
848
1021
4123
2188
6
245
1532
3695
3005
2075
3546
991
4979
4540
466
1910
3474
4535
1060
2929
2887
683
2965
806
3796
3140
1467
3784
1433
3020
3520
4974
4292
4081
1286
3940
4161
4385
2478
3115
1580
2620
3632
1212
1733
4985
1726
3265
355
1528
2903
2935
3051
3550
4283
4817
318
2987
1699
281
925
2995
3944
4048
638
3918
4306
4472
4166
4820
4753
3744
1900
3037
1064
853
1292
1534
2909
220
1504
2997
4118
1533
1316
3154
3031
1253
3198
2665
2944
3803
1049
3578
905
331
700
698
117
4596
2495
2168
1896
4719
3998
1744
1119
379
582
4043
2120
2575
4018
2813
3604
1171
3501
516
3739
3759
64
1656
2712
3530
709
2535
3446
2600
3072
11
2406
3816
4780
4828
918
3069
3128
4744
1951
3538
3210
1458
733
1304
2166
919
2410
2653
2940
271
724
3042
242
3397
4154
4944
961
3000
2012
457
2024
2366
2780
3932
1301
4801
4986
2977
2233
2930
4778
717
3252
1971
4298
3207
2831
4165
5
2273
3973
88
127
3872
4955
4499
3972
4396
1763
1551
2881
1881
4109
3038
917
2199
4705
1170
891
2745
3409
3831
3809
1808
1250
1300
1999
2262
3400
3492
1342
2025
2765
3521
4583
4857
1312
4523
1146
3461
2092
4552
3952
418
2875
1355
540
2335
4090
814
1476
2741
322
959
2810
2872
3852
4320
661
324
4467
3967
4235
3561
4115
1519
3984
4866
2761
2979
3832
3460
4646
2787
4222
4931
2982
662
2809
3402
4312
1521
1230
3710
2302
4445
3100
1547
415
1351
1564
4319
1125
279
4859
3242
938
4362
1556
4171
2169
2359
4654
1235
4478
3331
4661
4670
1553
677
2609
2783
1067
2244
4799
1466
2700
3580
3235
921
1598
1764
3401
4341
3257
4824
2056
4376
4994
1985
395
1500
4002
4067
3085
3482
3750
4832
3522
3558
4937
2691
3992
689
373
4793
4296
1384
342
963
4454
1655
99
190
8
398
2080
2005
604
1480
4124
2447
3821
2175
4760
1741
924
2701
4224
545
1344
4199
2425
3671
2560
2774
3329
4927
4850
4253
3640
2955
1588
3564
4659
3806
405
4269
1149
4099
4207
364
1836
2320
2493
150
2816
792
2132
2727
156
358
2851
4547
509
2426
3079
672
1539
4455
202
1798
3512
1944
4949
1492
2377
2799
4360
4884
2934
2421
1563
2360
2319
1550
3450
4851
2047
2052
2389
4518
4925
4557
2173
3635
1076
3699
4264
4384
3261
3745
3276
1924
2480
3778
935
4294
4095
3396
2654
2928
1109
3499
2292
2278
644
2899
1132
3142
4016
270
1247
3228
4383
4475
580
2157
2286
4107
760
999
1901
2258
4823
2781
3825
1407
1072
1197
766
685
2229
2670
1915
3378
3924
4460
1348
1203
1265
3792
381
3847
3403
3670
2541
1637
4244
112
1732
1877
2086
2441
2217
164
1880
1617
3366
1345
2103
1666
3990
4149
3229
4632
290
2564
2855
2085
2788
4879
3132
2805
2919
747
2501
3448
645
361
1904
2057
2313
4581
1133
3659
4226
835
2963
2446
4172
200
1165
1335
1608
2322
2747
2234
4878
1643
610
2842
3420
3172
740
2519
3818
651
4987
2156
3360
1131
109
587
4575
2342
2402
3071
4961
2451
1434
1130
2030
4653
4703
2858
4243
1379
904
1852
3148
3566
502
3569
3208
2071
720
2368
3491
2534
1110
795
3734
211
2444
4241
1057
1875
159
2017
1678
170
4008
2267
664
1404
2216
757
2148
1484
597
932
1186
4238
774
2993
1389
799
723
1289
1762
4924
2677
4934
3104
1144
3222
4270
2093
1628
970
1653
1735
3291
3477
2309
1825
70
2182
4788
2065
4644
693
4451
3269
593
1934
2116
3648
1998
1911
3253
3970
4448
793
673
1952
3296
1922
657
3025
4505
1338
475
805
493
3653
403
3868
3041
329
3740
4969
3012
195
3903
2636
4627
4568
2756
669
2364
4419
3361
4331
2751
4572
4870
2690
410
909
4688
2031
2561
1357
4450
96
1897
264
2207
4882
4574
4877
94
3895
4274
1491
4700
4469
283
910
1117
1248
865
1048
1244
4136
1383
1818
1774
1606
3583
4073
2123
4334
2059
3097
4984
1104
3219
4148
2557
2836
38
3026
389
3753
4416
2223
2826
4791
2644
1488
2171
4843
1478
1778
2732
4483
577
4236
387
115
255
1583
48
4215
439
3167
2975
305
4558
1102
4150
3282
2327
1594
1819
4631
489
1444
3264
4645
282
1341
1623
922
232
895
3573
1030
147
189
1221
2034
3111
3963
2118
602
1291
4826
1456
4638
3957
1259
3155
3922
2094
4482
1082
153
4714
2658
3232
843
3177
3939
2814
2303
536
3356
178
295
2667
2902
2757
4447
2785
2170
1590
3730
2178
3641
1745
3320
2135
4513
4221
453
3365
3384
4919
957
1261
4064
1494
3108
3386
4713
3901
2523
1044
3475
3811
2316
3225
1775
3334
2983
4586
4480
3035
4344
2956
4282
505
1435
4068
3211
166
982
4763
834
2161
4193
145
568
3126
4184
4841
1305
3829
1198
52
4701
3016
4188
1704
1751
4954
231
882
3443
3801
4549
104
1842
2355
4945
1396
4156
2197
4633
338
3858
1394
2076
2285
2378
1686
9
1610
4321
2096
3137
696
3090
4322
749
110
2266
2750
1830
3368
1689
1548
2382
4348
1624
1772
896
3141
2679
3374
547
4626
626
3352
2811
4904
3647
4135
4075
4497
852
3495
1178
2527
3453
4770
1661
4198
4721
2508
1349
3297
4014
838
359
2336
2394
2901
4908
3677
3105
424
377
4680
2801
247
68
2061
3191
3645
4062
129
2260
554
2606
1143
4490
625
3287
2748
947
3890
3666
4637
3358
470
2213
1713
1709
3882
2248
4593
4748
4964
1238
1452
56
1965
3716
2419
1670
2256
2045
2264
1219
4508
618
106
4681
4810
1848
3589
3476
199
3004
82
4834
4278
4886
1017
4227
1669
1073
1672
1703
2529
4153
3800
3719
871
2466
513
3098
2721
4206
1829
1755
4738
4159
2403
4332
1893
2514
2616
2200
3413
4787
2693
442
1988
3594
4130
4432
956
3526
2191
4438
1989
818
1468
3551
176
4519
78
2371
624
3289
3762
3348
3911
4842
341
256
2358
2671
3978
3704
3350
1080
3353
533
4
2416
3833
2843
2866
3057
3442
1215
3786
3908
4084
4792
3200
4022
985
1708
2105
2220
3240
3405
2411
2863
4608
570
3708
1558
3121
98
1687
3985
4437
1677
85
1956
2915
3676
1288
1378
3518
4034
2590
2888
3877
2006
473
3171
2775
4430
3981
2990
3533
4160
1010
4375
849
2010
3248
978
499
2414
1569
546
510
1634
986
1731
4356
1584
1987
3192
2222
73
1278
2457
4040
3094
4041
2007
461
20
692
4077
1107
1216
3938
4590
2844
4761
1276
2878
3727
992
3011
831
4032
426
2361
2515
501
1542
4898
1516
2706
1538
1281
4459
2128
2713
1158
1179
1749
479
2380
4257
2104
4279
3684
1847
1937
2960
1294
487
66
257
2668
2913
790
2738
4740
1684
1047
3070
2408
4085
927
680
3249
2633
811
3772
2074
3584
3542
2395
3165
3768
4255
2297
3101
71
413
507
658
474
250
1784
3862
2767
1009
1101
2587
2343
1702
19
4028
4821
1683
2018
3466
4377
2509
2591
13
783
2992
1565
1214
2014
478
3270
1161
3006
2044
1501
2951
4861
1765
1990
1982
297
4666
4402
4989
4110
1129
1723
4996
3414
4530
1507
116
636
4087
4577
1861
4407
2599
3603
4102
870
711
3213
2516
596
1136
4689
967
3134
1632
988
2252
2759
3423
1949
3962
4256
3986
491
1084
1311
3819
629
1486
196
3966
1758
1720
4779
3469
3254
4874
1636
2039
4815
4080
1645
406
1168
655
4548
4765
2496
3281
1574
2722
1442
472
2434
1780
2396
2459
4049
203
467
3180
1963
3682
822
230
1037
2941
4959
3465
2150
317
556
4932
301
4965
3552
565
2281
3088
3514
2367
3726
1317
1327
2884
69
3385
4675
777
1921
4798
3363
1234
3636
592
2627
2020
182
3081
3867
3398
3073
1738
1725
15
2895
221
1974
4173
1860
3845
1269
2996
3896
4694
4122
2033
1627
4311
3481
3906
4838
3182
3074
4038
1181
2155
3164
4562
2204
2994
4366
1694
4011
2615
3999
3926
1644
3623
3909
2637
4263
1002
1614
2507
3892
2795
4349
1112
1111
1856
3725
3595
4326
1771
1409
2151
4468
557
885
939
4369
812
1821
3262
4129
2504
899
1719
656
2938
2569
4147
3325
2443
1085
2968
4755
713
3930
2565
3391
725
2628
1487
1411
4181
3914
1576
2440
977
1031
4946
3230
1252
77
2602
3209
1162
4707
1218
3318
4003
584
2914
4757
3861
4600
3503
2323
639
3489
4406
687
484
4372
2989
4031
3202
2282
3888
1813
1977
32
3661
2427
3380
4658
3231
172
369
1123
2957
222
3815
3592
4234
4498
1801
311
3674
1287
3761
1593
1604
80
980
214
1523
241
2825
378
1710
3306
3444
4762
2050
564
4477
1380
2238
2717
3411
328
3537
950
2026
1319
4305
813
4569
2763
702
887
4939
1928
2803
2827
1652
4421
1923
3390
3624
989
730
4055
3950
4071
227
367
90
339
1748
3756
2607
803
3989
2452
789
1445
3791
1898
4287
1605
4386
4741
125
1018
3793
4267
1472
2391
3449
267
4616
735
933
3497
4060
2610
2051
4682
1321
158
1034
4950
4524
3855
3570
123
151
1810
2718
238
3712
3780
2275
1611
3634
517
2424
3853
2740
429
2070
4217
4476
4947
2559
769
2131
2705
4266
1298
4928
372
589
131
1430
4758
630
1364
445
1115
4174
4346
483
4563
825
3701
2683
4541
360
1976
2641
2943
2247
4101
4630
3044
1902
2296
4911
4308
800
4573
1721
4180
43
2649
1145
1609
578
1546
1415
4502
2053
4724
4389
3017
1641
2531
1838
2078
3438
348
4917
462
704
362
3118
3036
1707
3523
3212
1147
2776
1095
4216
4849
1892
1193
4494
3309
2470
2536
2696
3575
4250
2891
2113
1978
3737
31
528
4229
2548
2545
29
1535
598
2102
788
981
2923
4273
136
2689
481
3616
3842
776
3375
3431
4901
375
3912
459
1322
3654
2817
3394
4751
3826
3285
4539
2279
1975
2219
2870
1242
2950
4992
2225
3342
3850
3336
951
4605
1464
2249
3729
1615
2235
4425
1308
3010
3377
1712
309
1159
4629
3464
3934
2294
2407
1777
2032
867
4378
1417
4532
3146
1537
2859
4044
4301
3617
4853
4218
2454
1134
206
4529
58
622
4620
1211
791
3049
1065
830
1122
4050
3509
3278
300
1495
2948
3953
2770
3599
3702
4796
1413
2707
1100
3581
135
874
2036
2318
4176
890
2084
401
3480
2289
1945
3021
2860
2354
1579
2790
1752
4012
2824
3703
1834
2181
72
2400
4254
208
1126
2384
612
2417
4058
879
3103
3457
194
4591
2456
1940
4663
3290
3127
4868
3513
414
2911
1651
1040
2525
2340
1980
1884
3915
3220
1188
4392
4565
549
1809
273
1914
422
2370
3187
2482
3321
2333
2000
4444
1647
4191
1807
1648
1792
3672
3008
1446
1815
4145
3313
1318
526
1408
4962
3510
2083
3381
745
515
2112
1962
3157
3539
531
2547
3650
1277
1365
3975
804
1428
4466
2147
1599
993
952
4182
4537
4121
3427
4679
1370
2555
4899
3605
3754
4323
590
2164
3483
1696
1262
3941
920
3880
3048
1479
4354
1676
3554
4684
4259
1493
563
1585
1190
4474
4037
1782
3018
4999
1879
2276
4313
1360
4327
4411
944
2584
4001
3692
2666
4337
4894
1274
2332
1814
4728
894
1571
2820
1515
2430
4749
2678
3349
527
2325
3613
579
4065
2453
679
1747
101
824
2306
844
1189
864
1393
3061
1948
2069
3891
4357
2433
4783
3802
613
3014
60
2125
3669
2800
274
4293
4863
2520
4464
4952
4506
3668
4812
323
2540
2577
754
2958
2046
2907
4336
581
388
3335
427
949
1231
4582
1544
1175
3846
4427
2769
490
2905
3095
1613
787
2852
2657
3022
4829
2242
3159
2973
3951
1796
2753
1968
3958
447
2581
2114
1005
4609
3787
941
996
1006
4554
3007
2984
2385
1711
648
4733
4415
3798
880
2794
2574
2291
1093
1675
62
4096
3619
4718
3175
1353
1871
1392
2733
4973
1682
218
4592
2463
3954
4514
1680
3272
434
3059
4400
542
408
1153
3600
3190
3274
1420
3199
620
3421
1969
2978
4597
4915
3757
4439
2660
229
1279
1883
2209
973
4522
3824
3776
3029
772
249
3774
3783
562
320
1014
1270
3304
3494
1432
4773
4163
1375
421
2640
2680
3683
1371
262
857
1787
1275
1303
53
2614
269
4142
430
3275
2808
3834
2969
4806
1844
4239
1907
3718
174
3238
1441
4485
3586
1208
2461
2719
4302
2298
2553
4657
393
205
858
3383
1334
821
1042
57
729
2338
3185
4559
1835
1120
635
1386
1789
1986
1051
876
2250
2874
1152
1263
2486
4619
1781
4782
1572
289
1667
4398
4117
2488
2724
2880
4521
2920
3256
4737
4434
4242
697
496
2210
3749
4361
4905
3665
4730
2742
1955
1019
2386
4610
3110
4183
3147
1919
2926
4542
4358
1850
3876
571
3621
3067
2552
2931
3582
2586
286
2698
1795
3687
1759
2068
946
3455
4579
1078
1674
820
4889
3765
2435
1033
1567
1867
3250
1438
4668
842
845
1330
4340
4972
1831
346
3258
2954
3565
3609
4696
1525
726
2372
2796
1
1059
183
465
1310
4052
1876
4968
2261
3107
4883
1257
4328
460
3633
4105
298