281
4451
3411
2191
4321
1441
1251
4331
1221
4231
2281
4761
3441
851
2151
4911
3331
1761
4601
1771
101
2371
41
4501
4551
4241
1831
811
1671
4991
4441
3511
1681
3311
4931
3661
1921
1511
4131
3501
1031
3001
1951
3431
3011
1321
3681
2361
1531
3461
2751
3911
4731
1021
4611
3601
4851
3871
2621
31
2141
1041
4361
2791
4421
2211
3401
3811
1941
911
2501
431
411
401
1621
781
1571
3481
1521
3451
1051
511
521
2781
2071
3891
3971
1811
4781
2351
81
3491
2801
2161
1181
2431
1871
2881
2491
1641
4081
1981
4621
3851
11
141
4651
2301
421
1481
2051
3231
2321
2871
2961
4041
2861
4401
651
441
4791
2851
4061
4091
1151
681
1541
3161
1971
3751
1121
4591
1401
2041
3791
1551
4491
4371
3961
1931
4251
311
3151
3391
4511
2171
2381
1271
4161
4801
1361
251
3041
1391
3731
2471
561
971
3251
3571
4471
201
3921
4121
3641
3221
2951
1791
261
611
621
3521
731
2931
211
4831
361
3771
4381
4201
2451
3271
2741
501
3051
2401
4301
1341
4531
1111
51
2521
2841
2291
341
1371
2891
1601
1991
2561
