165
965
1693
1285
377
273
121
13
517
821
1905
1653
1177
721
1865
1377
757
201
1037
1625
1825
1937
1085
1857
845
849
293
493
1953
1849
101
473
141
1989
337
277
925
281
1909
529
717
1621
937
969
245
1673
801
1649
593
49
745
1529
1293
585
1061
1197
161
1777
1437
1973
725
885
881
589
1717
549
653
1601
809
1173
509
1421
1809
997
1137
909
1725
1041
93
1749
837
1429
649
1389
133
1901
1477
353
37
421
1385
297
1957
1309
409
1433
1569
1245
1425
1769
641
1741
601
1289
1313
1273
1189
1281
737
1401
181
1
1349
761
953
773
829
1353
1713
1461
489
537
1537
813
705
1489
129
1093
197
661
1185
1209
1237
1813
1233
1929
81
1001
1949
1505
1473
677
1785
1153
1141
169
1773
1517
1049
741
1513
45
1181
333
605
221
233
577
1029
665
1521
1841
1157
145
53
465
313
349
1977
1781
1321
1089
1225
57
1729
1753
253
85
1497
41
1889
825
1845
481
1161
1585
305
505
805
557
1801
1081
1873
1501
1641
1097
1253
1373
1365
449
